t     = 0.25
i     = 0.5
b     = 0.5
k     = 0.1
dt    = 0.1
t     = 0
tsim  = 200

f1    = 1
f2    =-1
f3    = 10
m1    = 1
m2    = 1.5
f     = 6
d     = 8